uav_name:
    id: 2
    x: 125.23176274578121
    y: -124.28670761277864
    z: 100
    heading: 0