uav_name:
    id: 3
    x: 124.39323725421879
    y: -124.55916106078064
    z: 100
    heading: 0