uav_name:
    id: 5
    x: 125.23176274578121
    y: -125.71329238722137
    z: 100
    heading: 0